0  4  50.3698  0  50.3698  91.5693  -1.00325  
0  4.5037  49.5141  0.0100325  50.3698  -85.5693  1.00325  
0.01  5.0074  47.0194  0.0392733  50.3698  -249.474  2.92409  
0.02  5.51109  43.2083  0.0852259  50.3698  -381.108  4.59526  
0.03  6.01479  38.4944  0.143967  50.3698  -471.392  5.87407  
0.04  6.51849  33.3405  0.21048  50.3698  -515.385  6.65134  
0.05  7.02219  28.2162  0.279087  50.3698  -512.429  6.8607  
0.06  7.52589  23.0818  0.347694  50.3698  -513.437  6.8607  
0.07  8.02958  17.9374  0.416301  50.3698  -514.445  6.8607  
0.08  8.53328  12.7829  0.484908  50.3698  -515.453  6.8607  
0.09  9.03698  7.61825  0.553515  50.3698  -516.461  6.8607  
0.1  9.54068  2.44355  0.622122  50.3698  -517.469  6.8607  
0.11  10.0444  -2.74122  0.690729  50.3698  -518.478  6.8607  
0.12  10.5481  -7.33496  0.759336  50.3698  -459.374  6.8607  
0.13  11.0518  -10.985  0.827943  50.3698  -365.003  6.8607  
0.14  11.5555  -13.4428  0.89655  50.3698  -245.783  6.8607  
0.15  12.0592  -14.5784  0.965157  50.3698  -113.556  6.8607  
0.16  12.5629  -14.3832  1.03376  50.3698  19.5165  6.8607  
0.17  13.0666  -12.963  1.10237  50.3698  142.017  6.8607  
0.18  13.5703  -10.5211  1.17098  50.3698  244.193  6.8607  
0.19  14.074  -7.33432  1.23958  50.3698  318.68  6.8607  
0.2  14.5777  -3.72459  1.30819  50.3698  360.973  6.8607  
0.21  15.0814  -0.0284537  1.3768  50.3698  369.614  6.8607  
0.22  15.5851  3.43273  1.44541  50.3698  346.118  6.8607  
0.23  16.0888  6.88383  1.51401  50.3698  345.11  6.8607  
0.24  16.5924  10.3248  1.58262  50.3698  344.102  6.8607  
0.25  17.0961  13.7558  1.65123  50.3698  343.094  6.8607  
0.26  17.5998  17.1766  1.71983  50.3698  342.086  6.8607  
0.27  18.1035  20.5874  1.78844  50.3698  341.078  6.8607  
0.28  18.6072  23.9881  1.85705  50.3698  340.07  6.8607  
0.29  19.1109  27.3787  1.92565  50.3698  339.061  6.8607  
0.3  19.6146  30.7593  1.99426  50.3698  338.053  6.8607  
0.31  20.1183  33.8186  2.06287  50.3698  305.931  6.8607  
0.32  20.622  36.3169  2.13148  50.3698  249.837  6.8607  
0.33  21.1257  38.0786  2.20008  50.3698  176.166  6.8607  
0.34  21.6294  39.0024  2.26869  50.3698  92.3837  6.8607  
0.35  22.1331  39.0656  2.3373  50.3698  6.32068  6.8607  
0.36  22.6368  38.3204  2.4059  50.3698  -74.522  6.8607  
0.37  23.1405  36.8845  2.47451  50.3698  -143.591  6.8607  
0.38  23.6442  34.9267  2.54312  50.3698  -195.778  6.8607  
0.39  24.1479  32.6492  2.61172  50.3698  -227.755  6.8607  
0.4  24.6516  30.2677  2.68033  50.3698  -238.146  6.8607  
0.41  25.1553  27.9926  2.74894  50.3698  -227.508  6.8607  
0.42  25.659  25.7075  2.81755  50.3698  -228.517  6.8607  
0.43  26.1627  23.4122  2.88615  50.3698  -229.525  6.8607  
0.44  26.6664  21.1069  2.95476  50.3698  -230.533  6.8607  
0.45  27.1701  18.7915  3.02337  50.3698  -231.541  6.8607  
0.46  27.6738  16.466  3.09197  50.3698  -232.549  6.8607  
0.47  28.1775  14.1304  3.16058  50.3698  -233.557  6.8607  
0.48  28.6812  11.7848  3.22919  50.3698  -234.565  6.8607  
0.49  29.1849  9.42904  3.29779  50.3698  -235.573  6.8607  
0.5  29.6886  7.06323  3.3664  50.3698  -236.581  6.8607  
0.51  30.1923  4.68733  3.43501  50.3698  -237.589  6.8607  
0.52  30.6479  2.30136  3.50361  45.5599  -238.598  6.8607  
0.53  31.0433  -0.0946976  3.57222  39.5378  -239.606  6.8607  
0.54  31.3691  -2.31232  3.64083  32.5874  -221.763  6.8607  
0.55  31.6192  -4.17411  3.70944  25.0049  -186.179  6.8607  
0.56  31.7901  -5.54492  3.77804  17.0879  -137.08  6.8607  
0.57  31.8813  -6.34055  3.84665  9.12535  -79.5635  6.8607  
0.58  31.8952  -6.53158  3.91526  1.38845  -19.1027  6.8607  
0.59  31.8364  -6.14215  3.98386  -5.87739  38.9427  6.8607  
0.6  31.7118  -5.24437  4.05247  -12.459  89.7782  6.8607  
0.61  31.53  -3.94891  4.12108  -18.1807  129.546  6.8607  
0.62  31.301  -2.393  4.18968  -22.9072  155.591  6.8607  
0.63  31.0355  -0.726917  4.25829  -26.5461  166.608  6.8607  
0.64  30.745  0.899711  4.3269  -29.0475  162.663  6.8607  
0.65  30.441  2.51626  4.39551  -30.4034  161.655  6.8607  
0.66  30.1346  4.12273  4.46411  -30.6449  160.647  6.8607  
0.67  29.8362  5.71911  4.53272  -29.8383  159.639  6.8607  
0.68  29.5554  7.30541  4.60133  -28.0809  158.63  6.8607  
0.69  29.2745  8.88164  4.66993  -28.0809  157.622  6.8607  
0.7  28.9937  10.4478  4.73854  -28.0809  156.614  6.8607  
0.71  28.7129  12.0038  4.80715  -28.0809  155.606  6.8607  
0.72  28.4321  13.5498  4.87575  -28.0809  154.598  6.8607  
0.73  28.1513  15.0857  4.94436  -28.0809  153.59  6.8607  
0.74  27.8705  16.6115  5.01297  -28.0809  152.582  6.8607  
0.75  27.5897  18.1273  5.08158  -28.0809  151.574  6.8607  
0.76  27.3089  19.6329  5.15018  -28.0809  150.566  6.8607  
0.77  27.0281  21.1285  5.21879  -28.0809  149.558  6.8607  
0.78  26.7473  22.614  5.2874  -28.0809  148.549  6.8607  
0.79  26.4665  24.0894  5.356  -28.0809  147.541  6.8607  
0.8  26.1856  25.5547  5.42461  -28.0809  146.533  6.8607  
0.81  25.9048  27.01  5.49322  -28.0809  145.525  6.8607  
0.82  25.624  28.4552  5.56182  -28.0809  144.517  6.8607  
0.83  25.3432  29.8903  5.63043  -28.0809  143.509  6.8607  
0.84  25.0624  31.2085  5.69904  -28.0809  131.827  6.8607  
0.85  24.7816  32.3052  5.76765  -28.0809  109.671  6.8607  
0.86  24.5008  33.1016  5.83625  -28.0809  79.6333  6.8607  
0.87  24.22  33.5496  5.90486  -28.0809  44.8071  6.8607  
0.88  23.9392  33.6345  5.97347  -28.0809  8.48584  6.8607  
0.89  23.6584  33.3732  6.04207  -28.0809  -26.129  6.8607  
0.9  23.3776  32.8112  6.11068  -28.0809  -56.1963  6.8607  
0.91  23.0967  32.0167  6.17929  -28.0809  -79.453  6.8607  
0.92  22.8159  31.073  6.24789  -28.0809  -94.3693  6.8607  
0.93  22.5351  30.0707  6.3165  -28.0809  -100.23  6.8607  
0.94  22.2543  29.0993  6.38511  -28.0809  -97.1401  6.8607  
0.95  21.9735  28.1178  6.45371  -28.0809  -98.1482  6.8607  
0.96  21.6927  27.1263  6.52232  -28.0809  -99.1563  6.8607  
0.97  21.4119  26.1246  6.59093  -28.0809  -100.164  6.8607  
0.98  21.1311  25.1129  6.65954  -28.0809  -101.173  6.8607  
0.99  20.8503  24.0911  6.72814  -28.0809  -102.181  6.8607  
1  20.5695  23.0592  6.79675  -28.0809  -103.189  6.8607  
1.01  20.2887  22.0172  6.86536  -28.0809  -104.197  6.8607  
1.02  20.0078  20.9652  6.93396  -28.0809  -105.205  6.8607  
1.03  19.727  19.9031  7.00257  -28.0809  -106.213  6.8607  
1.04  19.4462  18.8309  7.07118  -28.0809  -107.221  6.8607  
1.05  19.1654  17.7486  7.13978  -28.0809  -108.229  6.8607  
1.06  18.8846  16.6562  7.20839  -28.0809  -109.237  6.8607  
1.07  18.6038  15.5537  7.277  -28.0809  -110.245  6.8607  
1.08  18.323  14.4412  7.34561  -28.0809  -111.254  6.8607  
1.09  18.0422  13.3186  7.41421  -28.0809  -112.262  6.8607  
1.1  17.7614  12.1859  7.48282  -28.0809  -113.27  6.8607  
1.11  17.4806  11.0431  7.55143  -28.0809  -114.278  6.8607  
1.12  17.1998  9.89025  7.62003  -28.0809  -115.286  6.8607  
1.13  16.9189  8.72731  7.68864  -28.0809  -116.294  6.8607  
1.14  16.6381  7.55429  7.75725  -28.0809  -117.302  6.8607  
1.15  16.3573  6.37118  7.82585  -28.0809  -118.31  6.8607  
1.16  16.0765  5.178  7.89446  -28.0809  -119.318  6.8607  
1.17  15.7957  3.97474  7.96307  -28.0809  -120.326  6.8607  
1.18  15.5149  2.76139  8.03168  -28.0809  -121.335  6.8607  
1.19  15.2341  1.53796  8.10028  -28.0809  -122.343  6.8607  
1.2  14.9533  0.304458  8.16889  -28.0809  -123.351  6.8607  
1.21  14.6725  -0.939131  8.2375  -28.0809  -124.359  6.8607  
1.22  14.3917  -2.00932  8.3061  -28.0809  -107.019  6.8607  
1.23  14.1109  -2.82634  8.37471  -28.0809  -81.7019  6.8607  
1.24  13.83  -3.33737  8.44332  -28.0809  -51.1033  6.8607  
1.25  13.5492  -3.51926  8.51192  -28.0809  -18.1893  6.8607  
1.26  13.2684  -3.37852  8.58053  -28.0809  14.0749  6.8607  
1.27  12.9876  -2.94873  8.64914  -28.0809  42.9781  6.8607  
1.28  12.7068  -2.28596  8.71775  -28.0809  66.2772  6.8607  
1.29  12.426  -1.46238  8.78635  -28.0809  82.3581  6.8607  
1.3  12.1452  -0.559075  8.85496  -28.0809  90.3307  6.8607  
1.31  11.8644  0.341496  8.92357  -28.0809  90.0571  6.8607  
1.32  11.5836  1.23199  8.99217  -28.0809  89.049  6.8607  
1.33  11.3028  2.11239  9.06078  -28.0809  88.0409  6.8607  
1.34  11.022  2.98272  9.12939  -28.0809  87.0328  6.8607  
1.35  10.7411  3.84297  9.19799  -28.0809  86.0247  6.8607  
1.36  10.4603  4.69314  9.2666  -28.0809  85.0166  6.8607  
1.37  10.1795  5.53322  9.33521  -28.0809  84.0085  6.8607  
1.38  9.89872  6.36322  9.40381  -28.0809  83.0004  6.8607  
1.39  9.61791  7.18315  9.47242  -28.0809  81.9923  6.8607  
1.4  9.3371  7.99299  9.54103  -28.0809  80.9842  6.8607  
1.41  9.05629  8.79275  9.60964  -28.0809  79.9761  6.8607  
1.42  8.77548  9.58243  9.67824  -28.0809  78.968  6.8607  
1.43  8.49467  10.362  9.74685  -28.0809  77.9599  6.8607  
1.44  8.21386  11.1315  9.81546  -28.0809  76.9518  6.8607  
1.45  7.93305  11.891  9.88406  -28.0809  75.9437  6.8607  
1.46  7.65224  12.6403  9.95267  -28.0809  74.9356  6.8607  
1.47  7.37144  13.3796  10.0213  -28.0809  73.9275  6.8607  
1.48  7.09063  14.1088  10.0899  -28.0809  72.9194  6.8607  
1.49  6.80982  14.8279  10.1585  -28.0809  71.9113  6.8607  
1.5  6.52901  15.537  10.2271  -28.0809  70.9032  6.8607  
1.51  6.2482  16.2359  10.2957  -28.0809  69.8951  6.8607  
1.52  5.96739  16.9248  10.3643  -28.0809  68.887  6.8607  
1.53  5.68658  17.6036  10.4329  -28.0809  67.8789  6.8607  
1.54  5.40577  18.2723  10.5015  -28.0809  66.8708  6.8607  
1.55  5.12496  18.9309  10.5701  -28.0809  65.8627  6.8607  
1.56  4.84415  19.5794  10.6387  -28.0809  64.8546  6.8607  
1.57  4.56334  20.2179  10.7073  -28.0809  63.8465  6.8607  
1.58  4.28253  20.8463  10.776  -28.0809  62.8384  6.8607  
1.59  4.00173  21.4646  10.8446  -28.0809  61.8303  6.8607  
1.6  3.72092  22.0728  10.9132  -28.0809  60.8222  6.8607  
1.61  3.44011  22.671  10.9818  -28.0809  59.8141  6.8607  
1.62  3.1593  23.259  11.0504  -28.0809  58.806  6.8607  
1.63  2.87849  23.837  11.119  -28.0809  57.7979  6.8607  
1.64  2.59768  24.4049  11.1876  -28.0809  56.7898  6.8607  
1.65  2.31687  24.9627  11.2562  -28.0809  55.7817  6.8607  
1.66  2.03606  25.5104  11.3248  -28.0809  54.7736  6.8607  
1.67  1.75525  26.0481  11.3934  -28.0809  53.7655  6.8607  
1.68  1.47444  26.5757  11.462  -28.0809  52.7574  6.8607  
1.69  1.19363  27.0932  11.5306  -28.0809  51.7493  6.8607  
1.7  0.912825  27.6006  11.5992  -28.0809  50.7412  6.8607  
1.71  0.632016  28.0979  11.6678  -28.0809  49.7331  6.8607  
1.72  0.351207  28.5852  11.7365  -28.0809  48.725  6.8607  
1.73  0.0703976  29.0623  11.8051  -28.0809  47.7169  6.8607  
1.74  -0.196357  29.5294  11.8737  -26.6755  46.7088  6.8607  
1.75  -0.426282  29.9864  11.9423  -22.9924  45.7007  6.8607  
1.76  -0.599744  30.3839  12.0109  -17.3462  39.7434  6.8607  
1.77  -0.701934  30.6918  12.0795  -10.2189  30.7914  6.8607  
1.78  -0.724125  30.8899  12.1481  -2.21914  19.8095  6.8607  
1.79  -0.664423  30.9686  12.2167  5.97014  7.87116  6.8607  
1.8  -0.527927  30.9292  12.2853  13.6497  -3.94022  6.8607  
1.81  -0.326289  30.7829  12.3539  20.1638  -14.6247  6.8607  
1.82  -0.076727  30.5495  12.4225  24.9562  -23.3454  6.8607  
1.83  0.199451  30.2546  12.4911  27.6178  -29.4891  6.8607  
1.84  0.478665  29.9275  12.5597  27.9213  -32.7038  6.8607  
1.85  0.757878  29.5984  12.6283  27.9213  -32.911  6.8607  
1.86  1.03709  29.2592  12.6969  27.9213  -33.9191  6.8607  
1.87  1.31631  28.91  12.7656  27.9213  -34.9272  6.8607  
1.88  1.59552  28.5506  12.8342  27.9213  -35.9353  6.8607  
1.89  1.87473  28.1812  12.9028  27.9213  -36.9434  6.8607  
1.9  2.15395  27.8017  12.9714  27.9213  -37.9515  6.8607  
1.91  2.43316  27.4121  13.04  27.9213  -38.9596  6.8607  
1.92  2.71237  27.0124  13.1086  27.9213  -39.9677  6.8607  
1.93  2.99159  26.6026  13.1772  27.9213  -40.9758  6.8607  
1.94  3.2708  26.1828  13.2458  27.9213  -41.9839  6.8607  
1.95  3.55001  25.7529  13.3144  27.9213  -42.992  6.8607  
1.96  3.82923  25.3129  13.383  27.9213  -44.0001  6.8607  
1.97  4.10844  24.8628  13.4516  27.9213  -45.0082  6.8607  
1.98  4.38765  24.4026  13.5202  27.9213  -46.0163  6.8607  
1.99  4.66687  23.9324  13.5888  27.9213  -47.0244  6.8607  
2  4.94608  23.4521  13.6574  27.9213  -48.0325  6.8607  
2.01  5.22529  22.9617  13.7261  27.9213  -49.0406  6.8607  
2.02  5.50451  22.4612  13.7947  27.9213  -50.0487  6.8607  
2.03  5.78372  21.9506  13.8633  27.9213  -51.0568  6.8607  
2.04  6.06293  21.43  13.9319  27.9213  -52.0649  6.8607  
2.05  6.34215  20.8992  14.0005  27.9213  -53.073  6.8607  
2.06  6.62136  20.3584  14.0691  27.9213  -54.0811  6.8607  
2.07  6.90057  19.8075  14.1377  27.9213  -55.0892  6.8607  
2.08  7.17979  19.2466  14.2063  27.9213  -56.0973  6.8607  
2.09  7.459  18.6755  14.2749  27.9213  -57.1054  6.8607  
2.1  7.73822  18.0944  14.3435  27.9213  -58.1135  6.8607  
2.11  8.01743  17.5031  14.4121  27.9213  -59.1216  6.8607  
2.12  8.29664  16.9019  14.4807  27.9213  -60.1297  6.8607  
2.13  8.57586  16.2905  14.5493  27.9213  -61.1378  6.8607  
2.14  8.85507  15.669  14.6179  27.9213  -62.1459  6.8607  
2.15  9.13428  15.0375  14.6866  27.9213  -63.154  6.8607  
2.16  9.4135  14.3959  14.7552  27.9213  -64.1621  6.8607  
2.17  9.69271  13.7442  14.8238  27.9213  -65.1702  6.8607  
2.18  9.97192  13.0824  14.8924  27.9213  -66.1783  6.8607  
2.19  10.2511  12.4105  14.961  27.9213  -67.1864  6.8607  
2.2  10.5304  11.7286  15.0296  27.9213  -68.1945  6.8607  
2.21  10.8096  11.0365  15.0982  27.9213  -69.2026  6.8607  
2.22  11.0888  10.3344  15.1668  27.9213  -70.2107  6.8607  
2.23  11.368  9.62224  15.2354  27.9213  -71.2188  6.8607  
2.24  11.6472  8.89997  15.304  27.9213  -72.2269  6.8607  
2.25  11.9264  8.16762  15.3726  27.9213  -73.235  6.8607  
2.26  12.2056  7.42519  15.4412  27.9213  -74.2431  6.8607  
2.27  12.4848  6.67268  15.5098  27.9213  -75.2512  6.8607  
2.28  12.7641  5.91008  15.5784  27.9213  -76.2593  6.8607  
2.29  13.0433  5.13741  15.647  27.9213  -77.2674  6.8607  
2.3  13.3225  4.35466  15.7157  27.9213  -78.2755  6.8607  
2.31  13.6017  3.56182  15.7843  27.9213  -79.2836  6.8607  
2.32  13.8809  2.7589  15.8529  27.9213  -80.2917  6.8607  
2.33  14.1601  1.9459  15.9215  27.9213  -81.2998  6.8607  
2.34  14.4393  1.12283  15.9901  27.9213  -82.3079  6.8607  
2.35  14.7186  0.289665  16.0587  27.9213  -83.316  6.8607  
2.36  14.9978  -0.553576  16.1273  27.9213  -84.3241  6.8607  
2.37  15.277  -1.28313  16.1959  27.9213  -72.9555  6.8607  
2.38  15.5562  -1.84432  16.2645  27.9213  -56.1187  6.8607  
2.39  15.8354  -2.20049  16.3331  27.9213  -35.6171  6.8607  
2.4  16.1146  -2.33496  16.4017  27.9213  -13.4466  6.8607  
2.41  16.3938  -2.25107  16.4703  27.9213  8.38827  6.8607  
2.42  16.673  -1.97062  16.5389  27.9213  28.0456  6.8607  
2.43  16.9523  -1.53069  16.6075  27.9213  43.9926  6.8607  
2.44  17.2315  -0.979528  16.6762  27.9213  55.1162  6.8607  
2.45  17.5107  -0.371635  16.7448  27.9213  60.7893  6.8607  
2.46  17.7899  0.237289  16.8134  27.9213  60.8924  6.8607  
2.47  18.0691  0.836132  16.882  27.9213  59.8843  6.8607  
2.48  18.3483  1.42489  16.9506  27.9213  58.8762  6.8607  
2.49  18.6275  2.00358  17.0192  27.9213  57.8681  6.8607  
2.5  18.9068  2.57218  17.0878  27.9213  56.86  6.8607  
2.51  19.186  3.13069  17.1564  27.9213  55.8519  6.8607  
2.52  19.4652  3.67913  17.225  27.9213  54.8438  6.8607  
2.53  19.7444  4.21749  17.2936  27.9213  53.8357  6.8607  
2.54  20.0236  4.74577  17.3622  27.9213  52.8276  6.8607  
2.55  20.3028  5.26396  17.4308  27.9213  51.8195  6.8607  
2.56  20.582  5.77207  17.4994  27.9213  50.8114  6.8607  
2.57  20.8612  6.27011  17.568  27.9213  49.8033  6.8607  
2.58  21.1405  6.75806  17.6367  27.9213  48.7952  6.8607  
2.59  21.4197  7.23593  17.7053  27.9213  47.7871  6.8607  
2.6  21.6989  7.70372  17.7739  27.9213  46.779  6.8607  
2.61  21.9781  8.16143  17.8425  27.9213  45.7709  6.8607  
2.62  22.2573  8.60906  17.9111  27.9213  44.7628  6.8607  
2.63  22.5365  9.04661  17.9797  27.9213  43.7547  6.8607  
2.64  22.8157  9.47407  18.0483  27.9213  42.7466  6.8607  
2.65  23.095  9.89146  18.1169  27.9213  41.7385  6.8607  
2.66  23.3742  10.2988  18.1855  27.9213  40.7304  6.8607  
2.67  23.6534  10.696  18.2541  27.9213  39.7223  6.8607  
2.68  23.9326  11.0831  18.3227  27.9213  38.7142  6.8607  
2.69  24.2118  11.4602  18.3913  27.9213  37.7061  6.8607  
2.7  24.491  11.8272  18.4599  27.9213  36.698  6.8607  
2.71  24.7702  12.1841  18.5285  27.9213  35.6899  6.8607  
2.72  25.0495  12.5309  18.5971  27.9213  34.6818  6.8607  
2.73  25.3287  12.8676  18.6658  27.9213  33.6737  6.8607  
2.74  25.6079  13.1943  18.7344  27.9213  32.6656  6.8607  
2.75  25.8871  13.5109  18.803  27.9213  31.6575  6.8607  
2.76  26.1663  13.8173  18.8716  27.9213  30.6494  6.8607  
2.77  26.4455  14.1138  18.9402  27.9213  29.6413  6.8607  
2.78  26.7247  14.4001  19.0088  27.9213  28.6332  6.8607  
2.79  27.0039  14.6763  19.0774  27.9213  27.6251  6.8607  
2.8  27.2832  14.9425  19.146  27.9213  26.617  6.8607  
2.81  27.5624  15.1986  19.2146  27.9213  25.6089  6.8607  
2.82  27.8416  15.4446  19.2832  27.9213  24.6008  6.8607  
2.83  28.1208  15.6805  19.3518  27.9213  23.5927  6.8607  
2.84  28.4  15.9064  19.4204  27.9213  22.5846  6.8607  
2.85  28.6792  16.1221  19.489  27.9213  21.5765  6.8607  
2.86  28.9584  16.3278  19.5576  27.9213  20.5684  6.8607  
2.87  29.2377  16.5234  19.6263  27.9213  19.5603  6.8607  
2.88  29.5169  16.709  19.6949  27.9213  18.5522  6.8607  
2.89  29.7961  16.8844  19.7635  27.9213  17.5441  6.8607  
2.9  30.0556  17.0498  19.8321  25.948  16.536  6.8607  
2.91  30.2879  17.205  19.9007  23.233  15.5279  6.8607  
2.92  30.4871  17.3502  19.9693  19.9174  14.5198  6.8607  
2.93  30.6486  17.4854  20.0379  16.153  13.5117  6.8607  
2.94  30.7696  17.6104  20.1065  12.0967  12.5036  6.8607  
2.95  30.8486  17.7253  20.1751  7.90449  11.4955  6.8607  
2.96  30.8859  17.8302  20.2437  3.72671  10.4874  6.8607  
2.97  30.8829  17.925  20.3123  -0.296947  9.47931  6.8607  
2.98  30.8425  18.0097  20.3809  -4.04131  8.47121  6.8607  
2.99  30.7685  18.0844  20.4495  -7.399  7.46311  6.8607  
3  30.6657  18.1489  20.5181  -10.2828  6.45501  6.8607  
3.01  30.5394  18.2034  20.5868  -12.6274  5.44691  6.8607  
3.02  30.3955  18.2478  20.6554  -14.3899  4.43881  6.8607  
3.03  30.24  18.2821  20.724  -15.5498  3.43071  6.8607  
3.04  30.0789  18.3063  20.7926  -16.1086  2.42261  6.8607  
3.05  29.918  18.3204  20.8612  -16.0875  1.41451  6.8607  
3.06  29.7628  18.3245  20.9298  -15.5261  0.406408  6.8607  
3.07  29.6075  18.3185  20.9984  -15.5261  -0.601692  6.8607  
3.08  29.4523  18.3024  21.067  -15.5261  -1.60979  6.8607  
3.09  29.297  18.2762  21.1356  -15.5261  -2.61789  6.8607  
3.1  29.1417  18.24  21.2042  -15.5261  -3.62599  6.8607  
3.11  28.9865  18.1936  21.2728  -15.5261  -4.63409  6.8607  
3.12  28.8312  18.1372  21.3414  -15.5261  -5.64219  6.8607  
3.13  28.676  18.0707  21.41  -15.5261  -6.65029  6.8607  
3.14  28.5207  17.9941  21.4786  -15.5261  -7.65839  6.8607  
3.15  28.3654  17.9074  21.5472  -15.5261  -8.66649  6.8607  
3.16  28.2102  17.8107  21.6159  -15.5261  -9.67459  6.8607  
3.17  28.0549  17.7039  21.6845  -15.5261  -10.6827  6.8607  
3.18  27.8996  17.587  21.7531  -15.5261  -11.6908  6.8607  
3.19  27.7444  17.46  21.8217  -15.5261  -12.6989  6.8607  
3.2  27.5891  17.3229  21.8903  -15.5261  -13.707  6.8607  
3.21  27.4339  17.1757  21.9589  -15.5261  -14.7151  6.8607  
3.22  27.2786  17.0185  22.0275  -15.5261  -15.7232  6.8607  
3.23  27.1233  16.8512  22.0961  -15.5261  -16.7313  6.8607  
3.24  26.9681  16.6738  22.1647  -15.5261  -17.7394  6.8607  
3.25  26.8128  16.4863  22.2333  -15.5261  -18.7475  6.8607  
3.26  26.6576  16.2888  22.3019  -15.5261  -19.7556  6.8607  
3.27  26.5023  16.0811  22.3705  -15.5261  -20.7637  6.8607  
3.28  26.347  15.8634  22.4391  -15.5261  -21.7718  6.8607  
3.29  26.1918  15.6356  22.5077  -15.5261  -22.7799  6.8607  
3.3  26.0365  15.3977  22.5764  -15.5261  -23.788  6.8607  
3.31  25.8812  15.1498  22.645  -15.5261  -24.7961  6.8607  
3.32  25.726  14.8917  22.7136  -15.5261  -25.8042  6.8607  
3.33  25.5707  14.6236  22.7822  -15.5261  -26.8123  6.8607  
3.34  25.4155  14.3454  22.8508  -15.5261  -27.8204  6.8607  
3.35  25.2602  14.0571  22.9194  -15.5261  -28.8285  6.8607  
3.36  25.1049  13.7588  22.988  -15.5261  -29.8366  6.8607  
3.37  24.9497  13.4503  23.0566  -15.5261  -30.8447  6.8607  
3.38  24.7944  13.1318  23.1252  -15.5261  -31.8528  6.8607  
3.39  24.6392  12.8032  23.1938  -15.5261  -32.8609  6.8607  
3.4  24.4839  12.4645  23.2624  -15.5261  -33.869  6.8607  
3.41  24.3286  12.1157  23.331  -15.5261  -34.8771  6.8607  
3.42  24.1734  11.7569  23.3996  -15.5261  -35.8852  6.8607  
3.43  24.0181  11.3879  23.4682  -15.5261  -36.8933  6.8607  
3.44  23.8629  11.0089  23.5369  -15.5261  -37.9014  6.8607  
3.45  23.7076  10.6198  23.6055  -15.5261  -38.9095  6.8607  
3.46  23.5523  10.2206  23.6741  -15.5261  -39.9176  6.8607  
3.47  23.3971  9.81139  23.7427  -15.5261  -40.9257  6.8607  
3.48  23.2418  9.39205  23.8113  -15.5261  -41.9338  6.8607  
3.49  23.0865  8.96263  23.8799  -15.5261  -42.9419  6.8607  
3.5  22.9313  8.52313  23.9485  -15.5261  -43.95  6.8607  
3.51  22.776  8.07355  24.0171  -15.5261  -44.9581  6.8607  
3.52  22.6208  7.61389  24.0857  -15.5261  -45.9662  6.8607  
3.53  22.4655  7.14415  24.1543  -15.5261  -46.9743  6.8607  
3.54  22.3102  6.66432  24.2229  -15.5261  -47.9824  6.8607  
3.55  22.155  6.17442  24.2915  -15.5261  -48.9905  6.8607  
3.56  21.9997  5.67443  24.3601  -15.5261  -49.9986  6.8607  
3.57  21.8445  5.16437  24.4287  -15.5261  -51.0067  6.8607  
3.58  21.6892  4.64422  24.4973  -15.5261  -52.0148  6.8607  
3.59  21.5339  4.11399  24.566  -15.5261  -53.0229  6.8607  
3.6  21.3787  3.57368  24.6346  -15.5261  -54.031  6.8607  
3.61  21.2234  3.02329  24.7032  -15.5261  -55.0391  6.8607  
3.62  21.0681  2.46282  24.7718  -15.5261  -56.0472  6.8607  
3.63  20.9129  1.89226  24.8404  -15.5261  -57.0553  6.8607  
3.64  20.7576  1.31163  24.909  -15.5261  -58.0634  6.8607  
3.65  20.6024  0.720915  24.9776  -15.5261  -59.0715  6.8607  
3.66  20.4471  0.120119  25.0462  -15.5261  -60.0796  6.8607  
3.67  20.2918  -0.440739  25.1148  -15.5261  -56.0859  6.8607  
3.68  20.1366  -0.916446  25.1834  -15.5261  -47.5706  6.8607  
3.69  19.9813  -1.27208  25.252  -15.5261  -35.5636  6.8607  
3.7  19.8261  -1.48532  25.3206  -15.5261  -21.3236  6.8607  
3.71  19.6708  -1.54748  25.3892  -15.5261  -6.21605  6.8607  
3.72  19.5155  -1.46337  25.4578  -15.5261  8.41119  6.8607  
3.73  19.3603  -1.24995  25.5265  -15.5261  21.3413  6.8607  
3.74  19.205  -0.934115  25.5951  -15.5261  31.5838  6.8607  
3.75  19.0498  -0.549674  25.6637  -15.5261  38.4442  6.8607  
3.76  18.8945  -0.134045  25.7323  -15.5261  41.5629  6.8607  
3.77  18.7392  0.275196  25.8009  -15.5261  40.9241  6.8607  
3.78  18.584  0.674356  25.8695  -15.5261  39.916  6.8607  
3.79  18.4287  1.06344  25.9381  -15.5261  38.9079  6.8607  
3.8  18.2734  1.44243  26.0067  -15.5261  37.8998  6.8607  
3.81  18.1182  1.81135  26.0753  -15.5261  36.8917  6.8607  
3.82  17.9629  2.17019  26.1439  -15.5261  35.8836  6.8607  
3.83  17.8077  2.51894  26.2125  -15.5261  34.8755  6.8607  
3.84  17.6524  2.85762  26.2811  -15.5261  33.8674  6.8607  
3.85  17.4971  3.18621  26.3497  -15.5261  32.8593  6.8607  
3.86  17.3419  3.50472  26.4183  -15.5261  31.8512  6.8607  
3.87  17.1866  3.81315  26.487  -15.5261  30.8431  6.8607  
3.88  17.0314  4.1115  26.5556  -15.5261  29.835  6.8607  
3.89  16.8761  4.39977  26.6242  -15.5261  28.8269  6.8607  
3.9  16.7208  4.67796  26.6928  -15.5261  27.8188  6.8607  
3.91  16.5656  4.94607  26.7614  -15.5261  26.8107  6.8607  
3.92  16.4103  5.20409  26.83  -15.5261  25.8026  6.8607  
3.93  16.255  5.45204  26.8986  -15.5261  24.7945  6.8607  
3.94  16.0998  5.6899  26.9672  -15.5261  23.7864  6.8607  
3.95  15.9445  5.91769  27.0358  -15.5261  22.7783  6.8607  
3.96  15.7893  6.13539  27.1044  -15.5261  21.7702  6.8607  
3.97  15.634  6.34301  27.173  -15.5261  20.7621  6.8607  
3.98  15.4787  6.54055  27.2416  -15.5261  19.754  6.8607  
3.99  15.3235  6.72801  27.3102  -15.5261  18.7459  6.8607  
4  15.1682  6.90539  27.3788  -15.5261  17.7378  6.8607  
4.01  15.013  7.07268  27.4474  -15.5261  16.7297  6.8607  
4.02  14.8577  7.2299  27.5161  -15.5261  15.7216  6.8607  
4.03  14.7024  7.37703  27.5847  -15.5261  14.7135  6.8607  
4.04  14.5472  7.51409  27.6533  -15.5261  13.7054  6.8607  
4.05  14.3919  7.64106  27.7219  -15.5261  12.6973  6.8607  
4.06  14.2367  7.75795  27.7905  -15.5261  11.6892  6.8607  
4.07  14.0814  7.86476  27.8591  -15.5261  10.6811  6.8607  
4.08  13.9261  7.96149  27.9277  -15.5261  9.67301  6.8607  
4.09  13.7709  8.04814  27.9963  -15.5261  8.66491  6.8607  
4.1  13.6156  8.12471  28.0649  -15.5261  7.65681  6.8607  
4.11  13.4603  8.1912  28.1335  -15.5261  6.64871  6.8607  
4.12  13.3051  8.2476  28.2021  -15.5261  5.64061  6.8607  
4.13  13.1498  8.29393  28.2707  -15.5261  4.63251  6.8607  
4.14  12.9946  8.33017  28.3393  -15.5261  3.62441  6.8607  
4.15  12.8393  8.35634  28.4079  -15.5261  2.61631  6.8607  
4.16  12.684  8.37242  28.4766  -15.5261  1.60821  6.8607  
4.17  12.5288  8.37842  28.5452  -15.5261  0.600111  6.8607  
4.18  12.3735  8.37434  28.6138  -15.5261  -0.407989  6.8607  
4.19  12.2183  8.36018  28.6824  -15.5261  -1.41609  6.8607  
4.2  12.063  8.33594  28.751  -15.5261  -2.42419  6.8607  
4.21  11.9077  8.30161  28.8196  -15.5261  -3.43229  6.8607  
4.22  11.7525  8.25721  28.8882  -15.5261  -4.44039  6.8607  
4.23  11.5972  8.20273  28.9568  -15.5261  -5.44849  6.8607  
4.24  11.4419  8.13816  29.0254  -15.5261  -6.45659  6.8607  
4.25  11.2867  8.06351  29.094  -15.5261  -7.46469  6.8607  
4.26  11.1314  7.97879  29.1626  -15.5261  -8.47279  6.8607  
4.27  10.9762  7.88398  29.2312  -15.5261  -9.48089  6.8607  
4.28  10.8209  7.77909  29.2998  -15.5261  -10.489  6.8607  
4.29  10.6656  7.66412  29.3684  -15.5261  -11.4971  6.8607  
4.3  10.5104  7.53906  29.4371  -15.5261  -12.5052  6.8607  
4.31  10.3551  7.40393  29.5057  -15.5261  -13.5133  6.8607  
4.32  10.1999  7.25872  29.5743  -15.5261  -14.5214  6.8607  
4.33  10.0446  7.10342  29.6429  -15.5261  -15.5295  6.8607  
4.34  9.88934  6.93805  29.7115  -15.5261  -16.5376  6.8607  
4.35  9.73407  6.76259  29.7801  -15.5261  -17.5457  6.8607  
4.36  9.57881  6.57705  29.8482  -15.5261  -18.5538  6.8099  
4.37  9.42355  6.38143  29.9135  -15.5261  -19.5619  6.52979  
4.38  9.26829  6.17573  29.9738  -15.5261  -20.57  6.02981  
4.39  9.11303  5.95995  30.0271  -15.5261  -21.5781  5.32679  
4.4  8.95777  5.73409  30.0715  -15.5261  -22.5862  4.44441  
4.41  8.80251  5.49815  30.1056  -15.5261  -23.5943  3.41237  
4.42  8.64725  5.25212  30.1283  -15.5261  -24.6024  2.26543  
4.43  8.49198  4.99602  30.1387  -15.5261  -25.6105  1.04221  
4.44  8.33672  4.72983  30.1365  -15.5261  -26.6186  -0.216102  
4.45  8.18146  4.45357  30.1219  -15.5261  -27.6267  -1.46714  
4.46  8.0262  4.16722  30.0952  -15.5261  -28.6348  -2.66878  
4.47  7.87094  3.87079  30.0574  -15.5261  -29.6429  -3.78055  
4.48  7.71568  3.56428  30.0097  -15.5261  -30.651  -4.76502  
4.49  7.56042  3.24769  29.9538  -15.5261  -31.6591  -5.58904  
4.5  7.40516  2.92102  29.8916  -15.5261  -32.6672  -6.22487  
4.51  7.24989  2.58426  29.8251  -15.5261  -33.6753  -6.65109  
4.52  7.09463  2.23743  29.7565  -15.5261  -34.6834  -6.85336  
4.53  6.93937  1.88051  29.688  -15.5261  -35.6915  -6.85336  
4.54  6.78411  1.51352  29.6195  -15.5261  -36.6996  -6.85336  
4.55  6.62885  1.13644  29.5509  -15.5261  -37.7077  -6.85336  
4.56  6.47359  0.749284  29.4824  -15.5261  -38.7158  -6.85336  
4.57  6.31833  0.352045  29.4139  -15.5261  -39.7239  -6.85336  
4.58  6.16306  -0.0552752  29.3453  -15.5261  -40.732  -6.85336  
4.59  6.0078  -0.420631  29.2768  -15.5261  -36.5356  -6.85336  
4.6  5.85254  -0.715636  29.2083  -15.5261  -29.5005  -6.85336  
4.61  5.69728  -0.91981  29.1397  -15.5261  -20.4174  -6.85336  
4.62  5.54202  -1.0218  29.0712  -15.5261  -10.1989  -6.85336  
4.63  5.38676  -1.01973  29.0027  -15.5261  0.206461  -6.85336  
4.64  5.2315  -0.920756  28.9341  -15.5261  9.89782  -6.85336  
4.65  5.07624  -0.739801  28.8656  -15.5261  18.0955  -6.85336  
4.66  4.92097  -0.497807  28.7971  -15.5261  24.1994  -6.85336  
4.67  4.76571  -0.219521  28.7285  -15.5261  27.8286  -6.85336  
4.68  4.61045  0.068868  28.66  -15.5261  28.8389  -6.85336  
4.69  4.45519  0.34206  28.5915  -15.5261  27.3192  -6.85336  
4.7  4.29993  0.60517  28.5229  -15.5261  26.3111  -6.85336  
4.71  4.14467  0.8582  28.4544  -15.5261  25.303  -6.85336  
4.72  3.98941  1.10115  28.3859  -15.5261  24.2949  -6.85336  
4.73  3.83415  1.33402  28.3173  -15.5261  23.2868  -6.85336  
4.74  3.67888  1.5568  28.2488  -15.5261  22.2787  -6.85336  
4.75  3.52362  1.76951  28.1803  -15.5261  21.2706  -6.85336  
4.76  3.36836  1.97213  28.1117  -15.5261  20.2625  -6.85336  
4.77  3.2131  2.16468  28.0432  -15.5261  19.2544  -6.85336  
4.78  3.05784  2.34714  27.9747  -15.5261  18.2463  -6.85336  
4.79  2.90258  2.51952  27.9061  -15.5261  17.2382  -6.85336  
4.8  2.74732  2.68182  27.8376  -15.5261  16.2301  -6.85336  
4.81  2.59206  2.83404  27.7691  -15.5261  15.222  -6.85336  
4.82  2.43679  2.97618  27.7005  -15.5261  14.2139  -6.85336  
4.83  2.28153  3.10824  27.632  -15.5261  13.2058  -6.85336  
4.84  2.12627  3.23021  27.5635  -15.5261  12.1977  -6.85336  
4.85  1.97101  3.34211  27.4949  -15.5261  11.1896  -6.85336  
4.86  1.81575  3.44392  27.4264  -15.5261  10.1815  -6.85336  
4.87  1.66049  3.53566  27.3579  -15.5261  9.17336  -6.85336  
4.88  1.50523  3.61731  27.2893  -15.5261  8.16526  -6.85336  
4.89  1.34996  3.68888  27.2208  -15.5261  7.15716  -6.85336  
4.9  1.1947  3.75037  27.1523  -15.5261  6.14906  -6.85336  
4.91  1.03944  3.80178  27.0837  -15.5261  5.14096  -6.85336  
4.92  0.884181  3.84311  27.0152  -15.5261  4.13286  -6.85336  
4.93  0.72892  3.87436  26.9467  -15.5261  3.12476  -6.85336  
4.94  0.573659  3.89553  26.8781  -15.5261  2.11666  -6.85336  
4.95  0.418397  3.90661  26.8096  -15.5261  1.10856  -6.85336  
4.96  0.263136  3.90762  26.7411  -15.5261  0.100464  -6.85336  
4.97  0.107875  3.89854  26.6725  -15.5261  -0.907636  -6.85336  
4.98  -0.0365323  3.87938  26.604  -14.4407  -1.91574  -6.85336  
4.99  -0.157755  3.85014  26.5355  -12.1223  -2.92384  -6.85336  
5  -0.245443  3.81082  26.4669  -8.76882  -3.93194  -6.85336  
5.01  -0.29211  3.76142  26.3984  -4.66666  -4.94004  -6.85336  
5.02  -0.29377  3.70194  26.3299  -0.166045  -5.94814  -6.85336  
5.03  -0.250283  3.63238  26.2613  4.34875  -6.95624  -6.85336  
5.04  -0.165361  3.55274  26.1928  8.49223  -7.96434  -6.85336  
5.05  -0.0462543  3.46301  26.1243  11.9106  -8.97244  -6.85336  
5.06  0.0968662  3.36321  26.0557  14.3121  -9.98054  -6.85336  
5.07  0.251781  3.25332  25.9872  15.4915  -10.9886  -6.85336  
5.08  0.406696  3.13335  25.9187  15.4915  -11.9967  -6.85336  
5.09  0.561611  3.00331  25.8501  15.4915  -13.0048  -6.85336  
5.1  0.716525  2.86318  25.7816  15.4915  -14.0129  -6.85336  
5.11  0.87144  2.71297  25.7131  15.4915  -15.021  -6.85336  
5.12  1.02635  2.55267  25.6445  15.4915  -16.0291  -6.85336  
5.13  1.18127  2.3823  25.576  15.4915  -17.0372  -6.85336  
5.14  1.33618  2.20185  25.5075  15.4915  -18.0453  -6.85336  
5.15  1.4911  2.01131  25.4389  15.4915  -19.0534  -6.85336  
5.16  1.64601  1.8107  25.3704  15.4915  -20.0615  -6.85336  
5.17  1.80093  1.6  25.3019  15.4915  -21.0696  -6.85336  
5.18  1.95584  1.37923  25.2333  15.4915  -22.0777  -6.85336  
5.19  2.11076  1.14837  25.1648  15.4915  -23.0858  -6.85336  
5.2  2.26567  0.907427  25.0963  15.4915  -24.0939  -6.85336  
5.21  2.42059  0.656407  25.0277  15.4915  -25.102  -6.85336  
5.22  2.5755  0.395306  24.9592  15.4915  -26.1101  -6.85336  
5.23  2.73042  0.124123  24.8907  15.4915  -27.1182  -6.85336  
5.24  2.88533  -0.129524  24.8221  15.4915  -25.3647  -6.85336  
5.25  3.04025  -0.345152  24.7536  15.4915  -21.5628  -6.85336  
5.26  3.19516  -0.506894  24.6851  15.4915  -16.1743  -6.85336  
5.27  3.35008  -0.604548  24.6165  15.4915  -9.76537  -6.85336  
5.28  3.50499  -0.634064  24.548  15.4915  -2.9516  -6.85336  
5.29  3.65991  -0.597482  24.4794  15.4915  3.65816  -6.85336  
5.3  3.81482  -0.50235  24.4109  15.4915  9.5132  -6.85336  
5.31  3.96974  -0.360709  24.3424  15.4915  14.1641  -6.85336  
5.32  4.12465  -0.187765  24.2738  15.4915  17.2944  -6.85336  
5.33  4.27957  -0.000380083  24.2053  15.4915  18.7385  -6.85336  
5.34  4.43448  0.18448  24.1368  15.4915  18.486  -6.85336  
5.35  4.58939  0.351201  24.0682  15.4915  16.6721  -6.85336  
5.36  4.74431  0.507841  23.9997  15.4915  15.664  -6.85336  
5.37  4.89922  0.6544  23.9312  15.4915  14.6559  -6.85336  
5.38  5.05414  0.790878  23.8626  15.4915  13.6478  -6.85336  
5.39  5.20905  0.917274  23.7941  15.4915  12.6397  -6.85336  
5.4  5.36397  1.03359  23.7256  15.4915  11.6316  -6.85336  
5.41  5.51888  1.13983  23.657  15.4915  10.6235  -6.85336  
5.42  5.6738  1.23598  23.5885  15.4915  9.61538  -6.85336  
5.43  5.82871  1.32205  23.52  15.4915  8.60728  -6.85336  
5.44  5.98363  1.39804  23.4514  15.4915  7.59918  -6.85336  
5.45  6.13854  1.46395  23.3829  15.4915  6.59108  -6.85336  
5.46  6.29346  1.51978  23.3144  15.4915  5.58298  -6.85336  
5.47  6.44837  1.56553  23.2458  15.4915  4.57488  -6.85336  
5.48  6.60329  1.6012  23.1773  15.4915  3.56678  -6.85336  
5.49  6.7582  1.62679  23.1088  15.4915  2.55868  -6.85336  
5.5  6.91312  1.64229  23.0402  15.4915  1.55058  -6.85336  
5.51  7.06803  1.64772  22.9717  15.4915  0.542481  -6.85336  
5.52  7.22295  1.64306  22.9032  15.4915  -0.465619  -6.85336  
5.53  7.37786  1.62832  22.8346  15.4915  -1.47372  -6.85336  
5.54  7.53278  1.60351  22.7661  15.4915  -2.48182  -6.85336  
5.55  7.68769  1.56861  22.6976  15.4915  -3.48992  -6.85336  
5.56  7.84261  1.52363  22.629  15.4915  -4.49802  -6.85336  
5.57  7.99752  1.46857  22.5605  15.4915  -5.50612  -6.85336  
5.58  8.15243  1.40342  22.492  15.4915  -6.51422  -6.85336  
5.59  8.30735  1.3282  22.4234  15.4915  -7.52232  -6.85336  
5.6  8.46226  1.2429  22.3549  15.4915  -8.53042  -6.85336  
5.61  8.61718  1.14751  22.2864  15.4915  -9.53852  -6.85336  
5.62  8.77209  1.04205  22.2178  15.4915  -10.5466  -6.85336  
5.63  8.92701  0.926498  22.1493  15.4915  -11.5547  -6.85336  
5.64  9.08192  0.80087  22.0808  15.4915  -12.5628  -6.85336  
5.65  9.23684  0.665161  22.0122  15.4915  -13.5709  -6.85336  
5.66  9.39175  0.51937  21.9437  15.4915  -14.579  -6.85336  
5.67  9.54667  0.363499  21.8752  15.4915  -15.5871  -6.85336  
5.68  9.70158  0.197547  21.8066  15.4915  -16.5952  -6.85336  
5.69  9.8565  0.0358183  21.7381  15.4915  -16.1729  -6.85336  
5.7  10.0114  -0.108161  21.6696  15.4915  -14.3979  -6.85336  
5.71  10.1663  -0.223284  21.601  15.4915  -11.5124  -6.85336  
5.72  10.3212  -0.301655  21.5325  15.4915  -7.83703  -6.85336  
5.73  10.4762  -0.33904  21.464  15.4915  -3.73851  -6.85336  
5.74  10.6311  -0.334991  21.3954  15.4915  0.404915  -6.85336  
5.75  10.786  -0.292626  21.3269  15.4915  4.23646  -6.85336  
5.76  10.9409  -0.218128  21.2584  15.4915  7.44985  -6.85336  
5.77  11.0958  -0.120007  21.1898  15.4915  9.81208  -6.85336  
5.78  11.2507  -0.00822238  21.1213  15.4915  11.1784  -6.85336  
5.79  11.4056  0.106767  21.0528  15.4915  11.4989  -6.85336  
5.8  11.5606  0.214928  20.9842  15.4915  10.8161  -6.85336  
5.81  11.7155  0.307483  20.9157  15.4915  9.2555  -6.85336  
5.82  11.8704  0.389957  20.8472  15.4915  8.2474  -6.85336  
5.83  12.0253  0.46235  20.7786  15.4915  7.2393  -6.85336  
5.84  12.1802  0.524662  20.7101  15.4915  6.2312  -6.85336  
5.85  12.3351  0.576893  20.6416  15.4915  5.2231  -6.85336  
5.86  12.49  0.619043  20.573  15.4915  4.215  -6.85336  
5.87  12.645  0.651112  20.5045  15.4915  3.2069  -6.85336  
5.88  12.7999  0.6731  20.436  15.4915  2.1988  -6.85336  
5.89  12.9548  0.685006  20.3674  15.4915  1.1907  -6.85336  
5.9  13.1097  0.686832  20.2989  15.4915  0.182598  -6.85336  
5.91  13.2646  0.678577  20.2304  15.4915  -0.825502  -6.85336  
5.92  13.4195  0.660241  20.1618  15.4915  -1.8336  -6.85336  
5.93  13.5745  0.631824  20.0933  15.4915  -2.8417  -6.85336  
5.94  13.7294  0.593326  20.0248  15.4915  -3.8498  -6.85336  
5.95  13.8843  0.544747  19.9562  15.4915  -4.8579  -6.85336  
5.96  14.0392  0.486087  19.8877  15.4915  -5.866  -6.85336  
5.97  14.1941  0.417346  19.8192  15.4915  -6.8741  -6.85336  
5.98  14.349  0.338524  19.7506  15.4915  -7.8822  -6.85336  
5.99  14.5039  0.249621  19.6821  15.4915  -8.8903  -6.85336  
6  14.6589  0.150637  19.6136  15.4915  -9.8984  -6.85336  
6.01  14.8138  0.0554001  19.545  15.4915  -9.52372  -6.85336  
6.02  14.9687  -0.0282094  19.4765  15.4915  -8.36095  -6.85336  
6.03  15.1236  -0.0938305  19.408  15.4915  -6.56212  -6.85336  
6.04  15.2785  -0.137064  19.3394  15.4915  -4.32339  -6.85336  
6.05  15.4334  -0.155718  19.2709  15.4915  -1.86534  -6.85336  
6.06  15.5883  -0.149843  19.2024  15.4915  0.58746  -6.85336  
6.07  15.7433  -0.121584  19.1338  15.4915  2.82594  -6.85336  
6.08  15.8982  -0.0748505  19.0653  15.4915  4.67333  -6.85336  
6.09  16.0531  -0.0148701  18.9968  15.4915  5.99805  -6.85336  
6.1  16.208  0.0523497  18.9282  15.4915  6.72198  -6.85336  
6.11  16.3629  0.120585  18.8597  15.4915  6.82351  -6.85336  
6.12  16.5178  0.183941  18.7912  15.4915  6.33565  -6.85336  
6.13  16.6727  0.237336  18.7226  15.4915  5.33947  -6.85336  
6.14  16.8277  0.28065  18.6541  15.4915  4.33137  -6.85336  
6.15  16.9826  0.313883  18.5856  15.4915  3.32327  -6.85336  
6.16  17.1375  0.337034  18.517  15.4915  2.31517  -6.85336  
6.17  17.2924  0.350105  18.4485  15.4915  1.30707  -6.85336  
6.18  17.4473  0.353095  18.38  15.4915  0.298973  -6.85336  
6.19  17.6022  0.346003  18.3114  15.4915  -0.709127  -6.85336  
6.2  17.7572  0.328831  18.2429  15.4915  -1.71723  -6.85336  
6.21  17.9121  0.301578  18.1744  15.4915  -2.72533  -6.85336  
6.22  18.067  0.264244  18.1058  15.4915  -3.73343  -6.85336  
6.23  18.2219  0.216828  18.0373  15.4915  -4.74153  -6.85336  
6.24  18.3768  0.164057  17.9688  15.4915  -5.27714  -6.85336  
6.25  18.5317  0.110794  17.9002  15.4915  -5.32632  -6.85336  
6.26  18.6866  0.0616194  17.8317  15.4915  -4.91744  -6.85336  
6.27  18.8416  0.0204589  17.7632  15.4915  -4.11606  -6.85336  
6.28  18.9965  -0.00970979  17.6946  15.4915  -3.01687  -6.85336  
6.29  19.1514  -0.0270463  17.6261  15.4915  -1.73365  -6.85336  
6.3  19.3063  -0.0309293  17.5576  15.4915  -0.3883  -6.85336  
6.31  19.4612  -0.0219277  17.489  15.4915  0.900168  -6.85336  
6.32  19.6161  -0.00167221  17.4205  15.4915  2.02554  -6.85336  
6.33  19.771  0.0273543  17.352  15.4915  2.90266  -6.85336  
6.34  19.926  0.0620866  17.2834  15.4915  3.47323  -6.85336  
6.35  20.0809  0.0991772  17.2149  15.4915  3.70906  -6.85336  
6.36  20.2358  0.135301  17.1464  15.4915  3.61242  -6.85336  
6.37  20.3907  0.167439  17.0778  15.4915  3.2138  -6.85336  
6.38  20.5456  0.193114  17.0093  15.4915  2.56746  -6.85336  
6.39  20.7005  0.210566  16.9408  15.4915  1.74517  -6.85336  
6.4  20.8554  0.218855  16.8722  15.4915  0.828894  -6.85336  
6.41  21.0104  0.217886  16.8037  15.4915  -0.0968274  -6.85336  
6.42  21.1653  0.208363  16.7352  15.4915  -0.952326  -6.85336  
6.43  21.3202  0.191671  16.6666  15.4915  -1.66926  -6.85336  
6.44  21.4751  0.169714  16.5981  15.4915  -2.19568  -6.85336  
6.45  21.63  0.14472  16.5296  15.4915  -2.4994  -6.85336  
6.46  21.7849  0.119026  16.461  15.4915  -2.56938  -6.85336  
6.47  21.9399  0.094873  16.3925  15.4915  -2.4153  -6.85336  
6.48  22.0948  0.0742199  16.324  15.4915  -2.06531  -6.85336  
6.49  22.2497  0.058596  16.2554  15.4915  -1.5624  -6.85336  
6.5  22.4046  0.0489986  16.1869  15.4915  -0.959741  -6.85336  
6.51  22.5595  0.0458438  16.1184  15.4915  -0.315475  -6.85336  
6.52  22.7144  0.0489699  16.0498  15.4915  0.312608  -6.85336  
6.53  22.8693  0.0576895  15.9813  15.4915  0.871964  -6.85336  
6.54  23.0243  0.0708839  15.9128  15.4915  1.31943  -6.85336  
6.55  23.1792  0.0871269  15.8442  15.4915  1.6243  -6.85336  
6.56  23.3341  0.104828  15.7757  15.4915  1.77007  -6.85336  
6.57  23.489  0.122377  15.7072  15.4915  1.75496  -6.85336  
6.58  23.6439  0.138287  15.6386  15.4915  1.59101  -6.85336  
6.59  23.7988  0.151309  15.5701  15.4915  1.30219  -6.85336  
6.6  23.9537  0.160524  15.5016  15.4915  0.921513  -6.85336  
6.61  24.1087  0.165401  15.433  15.4915  0.487634  -6.85336  
6.62  24.2636  0.165812  15.3645  15.4915  0.0411584  -6.85336  
6.63  24.4185  0.162023  15.296  15.4915  -0.37895  -6.85336  
6.64  24.5734  0.154637  15.2274  15.4915  -0.738587  -6.85336  
6.65  24.7283  0.144526  15.1589  15.4915  -1.01109  -6.85336  
6.66  24.8832  0.132736  15.0904  15.4915  -1.17903  -6.85336  
6.67  25.0381  0.120385  15.0218  15.4915  -1.23506  -6.85336  
6.68  25.1931  0.108566  14.9533  15.4915  -1.18188  -6.85336  
6.69  25.348  0.0982527  14.8847  15.4915  -1.03135  -6.85336  
6.7  25.5029  0.0902243  14.8162  15.4915  -0.802841  -6.85336  
6.71  25.6578  0.0850135  14.7477  15.4915  -0.521072  -6.85336  
6.72  25.8127  0.0828768  14.6791  15.4915  -0.213671  -6.85336  
6.73  25.9676  0.0837908  14.6106  15.4915  0.0914004  -6.85336  
6.74  26.1225  0.0874733  14.5421  15.4915  0.36825  -6.85336  
6.75  26.2775  0.0934246  14.4735  15.4915  0.595129  -6.85336  
6.76  26.4324  0.100985  14.405  15.4915  0.75601  -6.85336  
6.77  26.5873  0.1094  14.3365  15.4915  0.841573  -6.85336  
6.78  26.7422  0.117896  14.2679  15.4915  0.849554  -6.85336  
6.79  26.8971  0.125741  14.1994  15.4915  0.784463  -6.85336  
6.8  27.052  0.132308  14.1309  15.4915  0.656749  -6.85336  
6.81  27.207  0.137123  14.0623  15.4915  0.481507  -6.85336  
6.82  27.3619  0.139892  13.9938  15.4915  0.276882  -6.85336  
6.83  27.5168  0.140515  13.9253  15.4915  0.06231  -6.85336  
6.84  27.6717  0.139083  13.8567  15.4915  -0.143221  -6.85336  
6.85  27.8266  0.135855  13.7882  15.4915  -0.322768  -6.85336  
6.86  27.9815  0.131228  13.7197  15.4915  -0.46274  -6.85336  
6.87  28.1364  0.125689  13.6511  15.4915  -0.553834  -6.85336  
6.88  28.2914  0.119774  13.5826  15.4915  -0.591543  -6.85336  
6.89  28.4463  0.114012  13.5141  15.4915  -0.57622  -6.85336  
6.9  28.6012  0.108885  13.4455  15.4915  -0.512724  -6.85336  
6.91  28.7561  0.104788  13.377  15.4915  -0.4097  -6.85336  
6.92  28.911  0.102002  13.3085  15.4915  -0.278589  -6.85336  
6.93  29.0659  0.100677  13.2399  15.4915  -0.132467  -6.85336  
6.94  29.2208  0.100829  13.1714  15.4915  0.0151865  -6.85336  
6.95  29.3758  0.102346  13.1029  15.4915  0.151661  -6.85336  
6.96  29.5307  0.105006  13.0343  15.4915  0.266053  -6.85336  
6.97  29.6856  0.108507  12.9658  15.4915  0.350072  -6.85336  
6.98  29.8405  0.112493  12.8973  15.4915  0.398578  -6.85336  
6.99  29.9825  0.116591  12.8287  14.2004  0.409806  -6.85336  
7  30.1077  0.120444  12.7602  12.5176  0.385292  -6.85336  
7.01  30.2129  0.123739  12.6917  10.526  0.329521  -6.85336  
7.02  30.2961  0.126232  12.6231  8.31317  0.249348  -6.85336  
7.03  30.3558  0.127765  12.5546  5.96854  0.15325  -6.85336  
7.04  30.3916  0.12827  12.4861  3.57985  0.0504989  -6.85336  
7.05  30.4039  0.127773  12.4175  1.23049  -0.0496872  -6.85336  
7.06  30.3938  0.126384  12.349  -1.00307  -0.138926  -6.85336  
7.07  30.3633  0.12428  12.2805  -3.05336  -0.21033  -6.85336  
7.08  30.3147  0.12169  12.2119  -4.86363  -0.258997  -6.85336  
7.09  30.2508  0.118867  12.1434  -6.38897  -0.282292  -6.85336  
7.1  30.1748  0.116068  12.0749  -7.59709  -0.279926  -6.85336  
7.11  30.0901  0.11353  12.0063  -8.46854  -0.253817  -6.85336  
7.12  30.0002  0.111452  11.9378  -8.99651  -0.207784  -6.85336  
7.13  29.9083  0.109981  11.8693  -9.18622  -0.147091  -6.85336  
7.14  29.8178  0.109202  11.8007  -9.05391  -0.0779003  -6.85336  
7.15  29.7315  0.109135  11.7322  -8.62559  -0.00668927  -6.85336  
7.16  29.6452  0.109739  11.6637  -8.62559  0.060327  -6.85336  
7.17  29.559  0.110916  11.5951  -8.62559  0.117707  -6.85336  
7.18  29.4727  0.112528  11.5266  -8.62559  0.161197  -6.85336  
7.19  29.3865  0.114408  11.4581  -8.62559  0.188012  -6.85336  
7.2  29.3002  0.116378  11.3895  -8.62559  0.19698  -6.85336  
7.21  29.214  0.118263  11.321  -8.62559  0.188529  -6.85336  
7.22  29.1277  0.119908  11.2525  -8.62559  0.164547  -6.85336  
7.23  29.0414  0.12119  11.1839  -8.62559  0.12812  -6.85336  
7.24  28.9552  0.122021  11.1154  -8.62559  0.0831914  -6.85336  
7.25  28.8689  0.122363  11.0469  -8.62559  0.0341669  -6.85336  
7.26  28.7827  0.122218  10.9783  -8.62559  -0.0144937  -6.85336  
7.27  28.6964  0.121632  10.9098  -8.62559  -0.0586602  -6.85336  
7.28  28.6102  0.120683  10.8413  -8.62559  -0.0948621  -6.85336  
7.29  28.5239  0.119478  10.7727  -8.62559  -0.120542  -6.85336  
7.3  28.4377  0.118135  10.7042  -8.62559  -0.13421  -6.85336  
7.31  28.3514  0.11678  10.6357  -8.62559  -0.135505  -6.85336  
7.32  28.2651  0.115529  10.5671  -8.62559  -0.125143  -6.85336  
7.33  28.1789  0.114481  10.4986  -8.62559  -0.104789  -6.85336  
7.34  28.0926  0.113713  10.4301  -8.62559  -0.076851  -6.85336  
7.35  28.0064  0.11327  10.3615  -8.62559  -0.0442206  -6.85336  
7.36  27.9201  0.11317  10.293  -8.62559  -0.00999844  -6.85336  
7.37  27.8339  0.113398  10.2245  -8.62559  0.0227871  -6.85336  
7.38  27.7476  0.113913  10.1559  -8.62559  0.0514327  -6.85336  
7.39  27.6614  0.11465  10.0874  -8.62559  0.0737697  -6.85336  
7.4  27.5751  0.115533  10.0189  -8.62559  0.0883131  -6.85336  
7.41  27.4888  0.116477  9.95033  -8.62559  0.0943427  -6.85336  
7.42  27.4026  0.117396  9.8818  -8.62559  0.0919135  -6.85336  
7.43  27.3163  0.118214  9.81327  -8.62559  0.0817991  -6.85336  
7.44  27.2301  0.118868  9.74473  -8.62559  0.0653773  -6.85336  
7.45  27.1438  0.119312  9.6762  -8.62559  0.0444725  -6.85336  
7.46  27.0576  0.119524  9.60766  -8.62559  0.0211697  -6.85336  
7.47  26.9713  0.1195  9.53913  -8.62559  -0.00238117  -6.85336  
7.48  26.8851  0.119259  9.4706  -8.62559  -0.0241525  -6.85336  
7.49  26.7988  0.118835  9.40206  -8.62559  -0.0424045  -6.85336  
7.5  26.7125  0.118277  9.33353  -8.62559  -0.0558144  -6.85336  
7.51  26.6263  0.117641  9.265  -8.62559  -0.0635611  -6.85336  
7.52  26.54  0.116987  9.19646  -8.62559  -0.0653624  -6.85336  
7.53  26.4538  0.116373  9.12793  -8.62559  -0.0614623  -6.85336  
7.54  26.3675  0.115847  9.0594  -8.62559  -0.0525754  -6.85336  
7.55  26.2813  0.115449  8.99086  -8.62559  -0.0397942  -6.85336  
7.56  26.195  0.115204  8.92233  -8.62559  -0.0244707  -6.85336  
7.57  26.1088  0.115124  8.8538  -8.62559  -0.00808338  -6.85336  
7.58  26.0225  0.115202  8.78526  -8.62559  0.00789738  -6.85336  
7.59  25.9362  0.115424  8.71673  -8.62559  0.0221343  -6.85336  
7.6  25.85  0.115759  8.64819  -8.62559  0.0335285  -6.85336  
7.61  25.7637  0.116172  8.57966  -8.62559  0.0412973  -6.85336  
7.62  25.6775  0.116622  8.51113  -8.62559  0.0450202  -6.85336  
7.63  25.5912  0.117069  8.44259  -8.62559  0.0446499  -6.85336  
7.64  25.505  0.117474  8.37406  -8.62559  0.040492  -6.85336  
7.65  25.4187  0.117805  8.30553  -8.62559  0.0331551  -6.85336  
7.66  25.3324  0.11804  8.23699  -8.62559  0.0234784  -6.85336  
7.67  25.2462  0.118164  8.16846  -8.62559  0.0124447  -6.85336  
7.68  25.1599  0.118175  8.09993  -8.62559  0.0010868  -6.85336  
7.69  25.0737  0.118079  8.03139  -8.62559  -0.0096037  -6.85336  
7.7  24.9874  0.117892  7.96286  -8.62559  -0.0187587  -6.85336  
7.71  24.9012  0.117635  7.89433  -8.62559  -0.0256994  -6.85336  
7.72  24.8149  0.117335  7.82579  -8.62559  -0.0299812  -6.85336  
7.73  24.7287  0.117021  7.75726  -8.62559  -0.0314166  -6.85336  
7.74  24.6424  0.11672  7.68872  -8.62559  -0.0300735  -6.85336  
7.75  24.5561  0.116457  7.62019  -8.62559  -0.0262525  -6.85336  
7.76  24.4699  0.116253  7.55166  -8.62559  -0.0204457  -6.85336  
7.77  24.3836  0.11612  7.48312  -8.62559  -0.0132818  -6.85336  
7.78  24.2974  0.116066  7.41459  -8.62559  -0.00546341  -6.85336  
7.79  24.2111  0.116089  7.34606  -8.62559  0.00229825  -6.85336  
7.8  24.1249  0.116182  7.27752  -8.62559  0.00934421  -6.85336  
7.81  24.0386  0.116333  7.20899  -8.62559  0.0151208  -6.85336  
7.82  23.9524  0.116525  7.14046  -8.62559  0.0192197  -6.85336  
7.83  23.8661  0.116739  7.07192  -8.62559  0.0214032  -6.85336  
7.84  23.7798  0.116956  7.00339  -8.62559  0.0216131  -6.85336  
7.85  23.6936  0.117155  6.93486  -8.62559  0.0199636  -6.85336  
7.86  23.6073  0.117322  6.86632  -8.62559  0.01672  -6.85336  
7.87  23.5211  0.117445  6.79779  -8.62559  0.0122658  -6.85336  
7.88  23.4348  0.117516  6.72926  -8.62559  0.00706244  -6.85336  
7.89  23.3486  0.117532  6.66072  -8.62559  0.00160432  -6.85336  
7.9  23.2623  0.117495  6.59219  -8.62559  -0.00362549  -6.85336  
7.91  23.1761  0.117414  6.52365  -8.62559  -0.00819573  -6.85336  
7.92  23.0898  0.117296  6.45512  -8.62559  -0.0117603  -6.85336  
7.93  23.0035  0.117155  6.38659  -8.62559  -0.0140822  -6.85336  
7.94  22.9173  0.117005  6.31805  -8.62559  -0.0150463  -6.85336  
7.95  22.831  0.116858  6.24952  -8.62559  -0.0146612  -6.85336  
7.96  22.7448  0.116728  6.18099  -8.62559  -0.0130501  -6.85336  
7.97  22.6585  0.116623  6.11245  -8.62559  -0.0104325  -6.85336  
7.98  22.5723  0.116552  6.04392  -8.62559  -0.00709936  -6.85336  
7.99  22.486  0.116518  5.97539  -8.62559  -0.00338313  -6.85336  
8  22.3997  0.116522  5.90685  -8.62559  0.000373246  -6.85336  
8.01  22.3135  0.116561  5.83832  -8.62559  0.00384635  -6.85336  
8.02  22.2272  0.116628  5.76979  -8.62559  0.00675859  -6.85336  
8.03  22.141  0.116717  5.70125  -8.62559  0.00889886  -6.85336  
8.04  22.0547  0.116819  5.63272  -8.62559  0.0101361  -6.85336  
8.05  21.9685  0.116923  5.56418  -8.62559  0.010425  -6.85336  
8.06  21.8822  0.117021  5.49565  -8.62559  0.00980455  -6.85336  
8.07  21.796  0.117105  5.42712  -8.62559  0.00838844  -6.85336  
8.08  21.7097  0.117168  5.35858  -8.62559  0.00635088  -6.85336  
8.09  21.6234  0.117207  5.29005  -8.62559  0.00390744  -6.85336  
8.1  21.5372  0.11722  5.22152  -8.62559  0.00129389  -6.85336  
8.11  21.4509  0.117208  5.15298  -8.62559  -0.00125521  -6.85336  
8.12  21.3647  0.117172  5.08445  -8.62559  -0.00352654  -6.85336  
8.13  21.2784  0.117119  5.01592  -8.62559  -0.00534474  -6.85336  
8.14  21.1922  0.117053  4.94738  -8.62559  -0.00658491  -6.85336  
8.15  21.1059  0.116981  4.87885  -8.62559  -0.00717984  -6.85336  
8.16  21.0197  0.11691  4.81032  -8.62559  -0.00712192  -6.85336  
8.17  20.9334  0.116845  4.74178  -8.62559  -0.00645979  -6.85336  
8.18  20.8471  0.116793  4.67325  -8.62559  -0.00529041  -6.85336  
8.19  20.7609  0.116755  4.60471  -8.62559  -0.00374759  -6.85336  
8.2  20.6746  0.116735  4.53618  -8.62559  -0.00198804  -6.85336  
8.21  20.5884  0.116733  4.46765  -8.62559  -0.000176512  -6.85336  
8.22  20.5021  0.116749  4.39911  -8.62559  0.00152885  -6.85336  
8.23  20.4159  0.116779  4.33058  -8.62559  0.00298954  -6.85336  
8.24  20.3296  0.11682  4.26205  -8.62559  0.00409721  -6.85336  
8.25  20.2434  0.116867  4.19351  -8.62559  0.00478092  -6.85336  
8.26  20.1571  0.116918  4.12498  -8.62559  0.00501066  -6.85336  
8.27  20.0708  0.116965  4.05645  -8.62559  0.0047972  -6.85336  
8.28  19.9846  0.117007  3.98791  -8.62559  0.00418843  -6.85336  
8.29  19.8983  0.11704  3.91938  -8.62559  0.00326278  -6.85336  
8.3  19.8121  0.117061  3.85085  -8.62559  0.0021205  -6.85336  
8.31  19.7258  0.11707  3.78231  -8.62559  0.000873611  -6.85336  
8.32  19.6396  0.117066  3.71378  -8.62559  -0.000364417  -6.85336  
8.33  19.5533  0.117051  3.64524  -8.62559  -0.00148847  -6.85336  
8.34  19.467  0.117027  3.57671  -8.62559  -0.00241021  -6.85336  
8.35  19.3808  0.116997  3.50818  -8.62559  -0.00306447  -6.85336  
8.36  19.2945  0.116963  3.43964  -8.62559  -0.00341328  -6.85336  
8.37  19.2083  0.116928  3.37111  -8.62559  -0.00344732  -6.85336  
8.38  19.122  0.116896  3.30258  -8.62559  -0.00318473  -6.85336  
8.39  19.0358  0.11687  3.23404  -8.62559  -0.0026678  -6.85336  
8.4  18.9495  0.11685  3.16551  -8.62559  -0.00195768  -6.85336  
8.41  18.8633  0.116839  3.09698  -8.62559  -0.00112793  -6.85336  
8.42  18.777  0.116836  3.02844  -8.62559  -0.000257415  -6.85336  
8.43  18.6907  0.116842  2.95991  -8.62559  0.000576822  -6.85336  
8.44  18.6045  0.116855  2.89138  -8.62559  0.00130598  -6.85336  
8.45  18.5182  0.116874  2.82284  -8.62559  0.00187482  -6.85336  
8.46  18.432  0.116896  2.75431  -8.62559  0.00224552  -6.85336  
8.47  18.3457  0.11692  2.68577  -8.62559  0.00239968  -6.85336  
8.48  18.2595  0.116944  2.61724  -8.62559  0.00233863  -6.85336  
8.49  18.1732  0.116964  2.54871  -8.62559  0.00208198  -6.85336  
8.5  18.087  0.116981  2.48017  -8.62559  0.00166475  -6.85336  
8.51  18.0007  0.116992  2.41164  -8.62559  0.0011333  -6.85336  
8.52  17.9144  0.116998  2.34311  -8.62559  0.000540656  -6.85336  
8.53  17.8282  0.116997  2.27457  -8.62559  -5.84877e-05  -6.85336  
8.54  17.7419  0.116991  2.20604  -8.62559  -0.000612539  -6.85336  
8.55  17.6557  0.11698  2.13751  -8.62559  -0.00107721  -6.85336  
8.56  17.5694  0.116966  2.06897  -8.62559  -0.0014188  -6.85336  
8.57  17.4832  0.11695  2.00044  -8.62559  -0.0016164  -6.85336  
8.58  17.3969  0.116933  1.93191  -8.62559  -0.00166275  -6.85336  
8.59  17.3107  0.116918  1.86337  -8.62559  -0.00156403  -6.85336  
8.6  17.2244  0.116904  1.79484  -8.62559  -0.00133838  -6.85336  
8.61  17.1381  0.116894  1.7263  -8.62559  -0.00101356  -6.85336  
8.62  17.0519  0.116888  1.65777  -8.62559  -0.000623931  -6.85336  
8.63  16.9656  0.116886  1.58924  -8.62559  -0.000207109  -6.85336  
8.64  16.8794  0.116888  1.5207  -8.62559  0.000199501  -6.85336  
8.65  16.7931  0.116893  1.45217  -8.62559  0.000561863  -6.85336  
8.66  16.7069  0.116902  1.38364  -8.62559  0.000851999  -6.85336  
8.67  16.6206  0.116912  1.3151  -8.62559  0.00104997  -6.85336  
8.68  16.5344  0.116924  1.24657  -8.62559  0.00114505  -6.85336  
8.69  16.4481  0.116935  1.17804  -8.62559  0.00113599  -6.85336  
8.7  16.3618  0.116946  1.1095  -8.62559  0.00103054  -6.85336  
8.71  16.2756  0.116954  1.04097  -8.62559  0.000844165  -6.85336  
8.72  16.1893  0.11696  0.972435  -8.62559  0.000598184  -6.85336  
8.73  16.1031  0.116963  0.903901  -8.62559  0.00031759  -6.85336  
8.74  16.0168  0.116963  0.835368  -8.62559  2.86589e-05  -6.85336  
8.75  15.9306  0.116961  0.766834  -8.62559  -0.000243382  -6.85336  
8.76  15.8443  0.116956  0.698301  -8.62559  -0.000476435  -6.85336  
8.77  15.758  0.11695  0.629767  -8.62559  -0.000653211  -6.85336  
8.78  15.6718  0.116942  0.561234  -8.62559  -0.000762383  -6.85336  
8.79  15.5855  0.116934  0.4927  -8.62559  -0.000799154  -6.85336  
8.8  15.4993  0.116926  0.424167  -8.62559  -0.00076523  -6.85336  
8.81  15.413  0.11692  0.355633  -8.62559  -0.000668239  -6.85336  
8.82  15.3268  0.116915  0.287099  -8.62559  -0.000520683  -6.85336  
8.83  15.2405  0.116911  0.218566  -8.62559  -0.000338545  -6.85336  
8.84  15.1543  0.11691  0.151435  -8.62559  -0.000139691  -6.71304  
8.85  15.068  0.11691  0.09144  -8.62559  5.7781e-05  -5.99954  
8.86  14.9817  0.116913  0.0437022  -8.62559  0.000237104  -4.77378  
8.87  14.8955  0.116917  0.0122979  -8.62559  0.00038418  -3.14043  
8.88  14.8092  0.116921  -9.14125e-05  -8.62559  0.000488611  -1.23893  
8.89  14.723  0.116927  0.00759203  -8.62559  0.000544334  0.768344  
8.9  14.6367  0.116932  0.0346922  -8.62559  0.00054985  2.71002  
8.91  14.5505  0.116937  0.0788952  -8.62559  0.000508049  4.4203  
8.92  14.4642  0.116942  0.136427  -8.62559  0.000425668  5.75317  
8.93  14.378  0.116945  0.202375  -8.62559  0.000312455  6.59482  
8.94  14.2917  0.116947  0.271109  -8.62559  0.000180141  6.87338  
8.95  14.2054  0.116947  0.339843  -8.62559  4.13011e-05  6.87338  
8.96  14.1192  0.116946  0.408576  -8.62559  -9.17728e-05  6.87338  
8.97  14.0329  0.116944  0.47731  -8.62559  -0.000208105  6.87338  
8.98  13.9467  0.116941  0.546044  -8.62559  -0.000298882  6.87338  
8.99  13.8604  0.116937  0.614778  -8.62559  -0.000358065  6.87338  
9  13.7742  0.116934  0.683511  -8.62559  -0.000382714  6.87338  
9.01  13.6879  0.11693  0.752245  -8.62559  -0.000373036  6.87338  
9.02  13.6017  0.116927  0.820979  -8.62559  -0.000332155  6.87338  
9.03  13.5154  0.116924  0.889713  -8.62559  -0.00026565  6.87338  
9.04  13.4291  0.116922  0.958446  -8.62559  -0.000180914  6.87338  
9.05  13.3429  0.116921  1.02718  -8.62559  -8.64017e-05  6.87338  
9.06  13.2566  0.116921  1.09591  -8.62559  9.16212e-06  6.87338  
9.07  13.1704  0.116922  1.16465  -8.62559  9.75479e-05  6.87338  
9.08  13.0841  0.116924  1.23338  -8.62559  0.000171689  6.87338  
9.09  12.9979  0.116926  1.30212  -8.62559  0.000226209  6.87338  
9.1  12.9116  0.116929  1.37085  -8.62559  0.000257766  6.87338  
9.11  12.8253  0.116932  1.43958  -8.62559  0.000265202  6.87338  
9.12  12.7391  0.116934  1.50832  -8.62559  0.000249497  6.87338  
9.13  12.6528  0.116936  1.57705  -8.62559  0.00021354  6.87338  
9.14  12.5666  0.116938  1.64578  -8.62559  0.000161756  6.87338  
9.15  12.4803  0.116939  1.71452  -8.62559  9.96278e-05  6.87338  
9.16  12.3941  0.116939  1.78325  -8.62559  3.31507e-05  6.87338  
9.17  12.3078  0.116939  1.85199  -8.62559  -3.17078e-05  6.87338  
9.18  12.2216  0.116938  1.92072  -8.62559  -8.95182e-05  6.87338  
9.19  12.1353  0.116937  1.98945  -8.62559  -0.000135816  6.87338  
9.2  12.049  0.116935  2.05819  -8.62559  -0.000167419  6.87338  
9.21  11.9628  0.116933  2.12692  -8.62559  -0.000182612  6.87338  
9.22  11.8765  0.116931  2.19565  -8.62559  -0.000181197  6.87338  
9.23  11.7903  0.11693  2.26439  -8.62559  -0.000164405  6.87338  
9.24  11.704  0.116928  2.33312  -8.62559  -0.000134699  6.87338  
9.25  11.6178  0.116927  2.40186  -8.62559  -9.5481e-05  6.87338  
9.26  11.5315  0.116927  2.47059  -8.62559  -5.07349e-05  6.87338  
9.27  11.4453  0.116927  2.53932  -8.62559  -4.65168e-06  6.87338  
9.28  11.359  0.116927  2.60806  -8.62559  3.87445e-05  6.87338  
9.29  11.2727  0.116928  2.67679  -8.62559  7.59282e-05  6.87338  
9.3  11.1865  0.116929  2.74552  -8.62559  0.00010414  6.87338  
9.31  11.1002  0.11693  2.81426  -8.62559  0.000121573  6.87338  
9.32  11.014  0.116931  2.88299  -8.62559  0.000127458  6.87338  
9.33  10.9277  0.116933  2.95173  -8.62559  0.000122067  6.87338  
9.34  10.8415  0.116934  3.02046  -8.62559  0.000106614  6.87338  
9.35  10.7552  0.116935  3.08919  -8.62559  8.3092e-05  6.87338  
9.36  10.669  0.116935  3.15793  -8.62559  5.405e-05  6.87338  
9.37  10.5827  0.116935  3.22666  -8.62559  2.23367e-05  6.87338  
9.38  10.4964  0.116935  3.29539  -8.62559  -9.16128e-06  6.87338  
9.39  10.4102  0.116935  3.36413  -8.62559  -3.7769e-05  6.87338  
9.4  10.3239  0.116934  3.43286  -8.62559  -6.12372e-05  6.87338  
9.41  10.2377  0.116933  3.5016  -8.62559  -7.79062e-05  6.87338  
9.42  10.1514  0.116933  3.57033  -8.62559  -8.68077e-05  6.87338  
9.43  10.0652  0.116932  3.63906  -8.62559  -8.77016e-05  6.87338  
9.44  9.97891  0.116931  3.7078  -8.62559  -8.10474e-05  6.87338  
9.45  9.89265  0.11693  3.77653  -8.62559  -6.79185e-05  6.87338  
9.46  9.80639  0.11693  3.84526  -8.62559  -4.98692e-05  6.87338  
9.47  9.72014  0.116929  3.914  -8.62559  -2.877e-05  6.87338  
9.48  9.63388  0.116929  3.98273  -8.62559  -6.62636e-06  6.87338  
9.49  9.54763  0.11693  4.05147  -8.62559  1.4601e-05  6.87338  
9.5  9.46137  0.11693  4.1202  -8.62559  3.31611e-05  6.87338  
9.51  9.37512  0.11693  4.18893  -8.62559  4.76475e-05  6.87338  
9.52  9.28886  0.116931  4.25767  -8.62559  5.70962e-05  6.87338  
9.53  9.2026  0.116931  4.3264  -8.62559  6.10374e-05  6.87338  
9.54  9.11635  0.116932  4.39513  -8.62559  5.95033e-05  6.87338  
9.55  9.03009  0.116933  4.46387  -8.62559  5.29914e-05  6.87338  
9.56  8.94384  0.116933  4.5326  -8.62559  4.23907e-05  6.87338  
9.57  8.85758  0.116933  4.60134  -8.62559  2.888e-05  6.87338  
9.58  8.77132  0.116933  4.67007  -8.62559  1.38077e-05  6.87338  
9.59  8.68507  0.116933  4.7388  -8.62559  -1.43477e-06  6.87338  
9.6  8.59881  0.116933  4.80754  -8.62559  -1.55346e-05  6.87338  
9.61  8.51256  0.116933  4.87627  -8.62559  -2.73644e-05  6.87338  
9.62  8.4263  0.116933  4.945  -8.62559  -3.6066e-05  6.87338  
9.63  8.34005  0.116932  5.01374  -8.62559  -4.11058e-05  6.87338  
9.64  8.25379  0.116932  5.08247  -8.62559  -4.22986e-05  6.87338  
9.65  8.16753  0.116931  5.15121  -8.62559  -3.98e-05  6.87338  
9.66  8.08128  0.116931  5.21994  -8.62559  -3.40704e-05  6.87338  
9.67  7.99502  0.116931  5.28867  -8.62559  -2.58152e-05  6.87338  
9.68  7.90877  0.116931  5.35741  -8.62559  -1.59083e-05  6.87338  
9.69  7.82251  0.116931  5.42614  -8.62559  -5.30617e-06  6.87338  
9.7  7.73625  0.116931  5.49487  -8.62559  5.03945e-06  6.87338  
9.71  7.65  0.116931  5.56361  -8.62559  1.42624e-05  6.87338  
9.72  7.56374  0.116931  5.63234  -8.62559  2.16503e-05  6.87338  
9.73  7.47749  0.116931  5.70108  -8.62559  2.66952e-05  6.87338  
9.74  7.39123  0.116932  5.76981  -8.62559  2.91231e-05  6.87338  
9.75  7.30497  0.116932  5.83854  -8.62559  2.8902e-05  6.87338  
9.76  7.21872  0.116932  5.90728  -8.62559  2.62279e-05  6.87338  
9.77  7.13246  0.116932  5.97601  -8.62559  2.14933e-05  6.87338  
9.78  7.04621  0.116933  6.04474  -8.62559  1.52405e-05  6.87338  
9.79  6.95995  0.116933  6.11348  -8.62559  8.10487e-06  6.87338  
9.8  6.8737  0.116933  6.18221  -8.62559  7.54795e-07  6.87338  
9.81  6.78744  0.116933  6.25095  -8.62559  -6.1678e-06  6.87338  
9.82  6.70118  0.116932  6.31968  -8.62559  -1.21005e-05  6.87338  
9.83  6.61493  0.116932  6.38841  -8.62559  -1.66029e-05  6.87338  
9.84  6.52867  0.116932  6.45715  -8.62559  -1.93864e-05  6.87338  
9.85  6.44242  0.116932  6.52588  -8.62559  -2.03283e-05  6.87338  
9.86  6.35616  0.116932  6.59461  -8.62559  -1.94716e-05  6.87338  
9.87  6.2699  0.116931  6.66335  -8.62559  -1.70096e-05  6.87338  
9.88  6.18365  0.116931  6.73208  -8.62559  -1.326e-05  6.87338  
9.89  6.09739  0.116931  6.80082  -8.62559  -8.62926e-06  6.87338  
9.9  6.01114  0.116931  6.86955  -8.62559  -3.57162e-06  6.87338  
9.91  5.92488  0.116931  6.93828  -8.62559  1.45248e-06  6.87338  
9.92  5.83863  0.116931  7.00702  -8.62559  6.01632e-06  6.87338  
9.93  5.75237  0.116931  7.07575  -8.62559  9.76102e-06  6.87338  
9.94  5.66611  0.116932  7.14448  -8.62559  1.24217e-05  6.87338  
9.95  5.57986  0.116932  7.21322  -8.62559  1.38437e-05  6.87338  
9.96  5.4936  0.116932  7.28195  -8.62559  1.39885e-05  6.87338  
9.97  5.40735  0.116932  7.35069  -8.62559  1.29292e-05  6.87338  
9.98  5.32109  0.116932  7.41942  -8.62559  1.08369e-05  6.87338  
9.99  5.23483  0.116932  7.48815  -8.62559  7.95935e-06  6.87338  
